2	0	0	0	0
3	0	0.003935689	0.002614114	0
4	0	0.005247585	0.003485485	0
5	0	0.006559481	0.004356856	0
6	0	0.007871377	0.005228228	0
7	0	0.009183274	0.006099599	0
8	0	0.01049517	0.00697097	0
9	0	0.01180707	0.007842341	0
10	0	0.01311896	0.008713713	0
11	0	0.05620259	0.02193844	0
12	0	0.004527778	0.02892946	0
13	0	0.004905093	0.03134025	0
14	0	0.005282408	0.03375104	0
15	0	0.005659723	0.03616183	0
16	0	0.006037037	0.03857262	0
17	0	0.006414352	0.0409834	0
18	0	0.006791667	0.04339419	0
19	0	0.007168982	0.04580498	0
20	0	0.007546297	0.04821577	0
21	0	0.007923611	0.05062656	0
22	0	0.008300927	0.05303735	0
23	0	0.008678242	0.05544814	0
24	0	0.009055557	0.05785893	0
25	0	0.009432872	0.06026971	0
26	0	0.009810187	0.06268051	0
27	0	0.0101875	0.06509129	0
28	0	0.01113565	0.001509259	0
29	0	0.05214696	0.001913664	0
30	0	0.04314169	0.04075	0
31	0	0.05467397	0.06567793	0
32	0	0.07459038	0.06454406	0
33	0	0.04483864	0.05010163	0
34	0	0.04284565	0.03662666	0
35	0	0.01632914	0.01011016	0
36	0	0.004636137	0.04208717	0
37	0	0.004764919	0.04325626	0
38	0	0.004893701	0.04442535	0
39	0	0.005022482	0.04559444	0
40	0	0.005151264	0.04676353	0
41	0	0.02116881	0.005444947	0
42	0	0.02168512	0.00557775	0
43	0	0.02220143	0.005710553	0
44	0	0.02271774	0.005843357	0
45	0	0.02323405	0.005976161	0
46	0	0.02375037	0.006108964	0
47	0	0.02967904	0.01012398	0
48	0	0.03167203	0.02359895	0
49	0	0.03369405	0.01605265	0
50	0	0.07048711	0.03770245	0
51	0	0.03018519	0.05549626	0
52	0	0.0483834	0.02867592	0
53	0	0.04986363	0.04929278	0
54	0	0.02000352	0.04048299	0
55	0	0.02037396	0.04123267	0
56	0	0.02074439	0.04198236	0
57	0	0.02111483	0.04273204	0
58	0	0.01993065	0.02623855	0
59	0	0.0401431	0.02922804	0
60	0	0.03882153	0.03938844	0
61	0	0.03812107	0.03677433	0
62	0	0.0331386	0.01460886	0
63	0	0.03755802	0.01902828	0
64	0	0.01756228	0.004773533	0
65	0	0.01783669	0.00484812	0
66	0	0.04004992	0.0346046	0
67	0	0.02657495	0.03261161	0
68	0	0.01905768	0.01361237	0
69	0	0.06136154	0.003935688	0
70	0	0.05640033	0.02767943	0
71	0	0.07166713	0.008246747	0
72	0	0.05371467	0.04387688	0
73	0	0.03851372	0.05355356	0
74	0	0.03161758	0.02177979	0
75	0	0.006037037	0.01132333	0
76	0	0.03038065	0.02142568	0
77	0	0.03671373	0.02393143	0
78	0	0.04371823	0.05007257	0
79	0	0.06161262	0.05648497	0
80	0	0.0585941	0.05729378	0
81	0	0.069484	0.03756505	0
82	0	0.06603204	0.06090439	0
83	0	0.0563844	0.05508407	0
84	0	0.06845847	0.05184884	0
85	0	0.02819219	0.08204959	0
86	0	0.02097097	0.06717373	0
87	0	0.02773749	0.04714895	0
88	0	0.03921948	0.03566697	0
89	0	0.06123724	0.04237543	0
90	0	0.05166892	0.05194375	0
91	0	0.04617368	0.02539821	0
92	0	0.03932784	0.03003435	0
93	0	0.02433583	0.04626083	0
94	0	0.04627427	0.03758065	0
95	0	0.06416866	0.04399306	0
96	0	0.05640565	0.05728034	0
97	0	0.04535711	0.0462318	0
98	0	0.05522147	0.04078685	0
99	0	0.03306631	0.06073231	0
100	0	0.04646196	0.04733667	0
101	0	0.06155455	0.04329262	0
102	0	0.05268668	0.05547504	0
103	0	0.05379154	0.0565799	0
104	0	0.05761886	0.05275257	0
105	0	0.07300749	0.0528319	0
106	0	0.06977225	0.06490597	0
107	0	0.08243841	0.06991748	0
108	0	0.08100847	0.08571051	0
109	0	0.07176523	0.07838093	0
110	0	0.08707454	0.06307162	0
111	0	0.07739785	0.07827257	0
112	0	0.09168163	0.07724704	0
113	0	0.08402697	0.08490169	0
114	0	0.09849843	0.09363216	0
115	0	0.08944288	0.09605858	0
116	0	0.07338283	0.07234389	0
117	0	0.08203398	0.07142672	0
118	0	0.1008455	0.06918798	0
119	0	0.1040517	0.07813517	0
120	0	0.09095215	0.0956542	0
121	0	0.09426671	0.09896876	0
122	0	0.08822968	0.1005864	0
123	0	0.07122342	0.1065441	0
124	0	0.07413358	0.1113679	0
125	0	0.03756504	0.08054034	0
126	0	0.04050423	0.0643429	0
127	0	0.06804627	0.07657563	0
128	0	0.08693716	0.08972552	0
129	0	0.05432555	0.1068692	0
130	0	0.06117139	0.102233	0
131	0	0.06863835	0.08482237	0
132	0	0.02304329	0.1031289	0
133	0	0.03919045	0.06377985	0
134	0	0.06010336	0.06938345	0
135	0	0.04479406	0.08469276	0
136	0	0.03552178	0.09838445	0
137	0	0.07778104	0.08706112	0
138	0	0.04921347	0.08911218	0
139	0	0.07465415	0.09350257	0
140	0	0.07745595	0.103959	0
141	0	0.08378903	0.1064648	0
142	0	0.09858557	0.09829734	0
143	0	0.09998646	0.1035256	0
144	0	0.1055107	0.1090498	0
145	0	0.07650973	0.1336314	0
146	0	0.09211507	0.1224455	0
147	0	0.08861283	0.1093749	0
148	0	0.09244016	0.1055476	0
149	0	0.09785607	0.1167045	0
150	0	0.1178809	0.109938	0
151	0	0.1083919	0.1348949	0
152	0	0.07146919	0.1419865	0
153	0	0.08861283	0.1093749	0
154	0	0.1074244	0.1071362	0
155	0	0.11505	0.1205028	0
156	0	0.1177434	0.1365919	0
157	0	0.1169637	0.1185891	0
158	0	0.08847542	0.1360288	0
159	0	0.1182562	0.1294499	0
160	0	0.1122192	0.1310676	0
161	0	0.09410805	0.1359204	0
162	0	0.09399968	0.141553	0
163	0	0.1080165	0.1153829	0
164	0	0.08298017	0.1094832	0
165	0	0.1115477	0.1074322	0
166	0	0.09914859	0.1275653	0
167	0	0.1037557	0.1417407	0
168	0	0.07400395	0.1272983	0
169	0	0.06190085	0.1515548	0
170	0	0.1108183	0.1258393	0
171	0	0.09329924	0.1389389	0
172	0	0.1143998	0.1542985	0
173	0	0.1155337	0.1343821	0
174	0	0.07445865	0.1621989	0
175	0	0.06823392	0.1540605	0
176	0	0.1075037	0.1225247	0
177	0	0.1001451	0.1343028	0
178	0	0.1027592	0.1350032	0
179	0	0.1106808	0.1524932	0
180	0	0.0912772	0.1464852	0
181	0	0.109605	0.1303671	0
182	0	0.1073953	0.1281574	0
183	0	0.1204659	0.1316596	0
184	0	0.09178997	0.1393433	0
185	0	0.09701819	0.1407442	0
186	0	0.1032719	0.1278613	0
187	0	0.09561729	0.135516	0
188	0	0.1077997	0.1266481	0
189	0	0.1161258	0.1426288	0
190	0	0.1300051	0.1431126	0
191	0	0.1122984	0.1464562	0
192	0	0.1167179	0.1508756	0
193	0	0.1207619	0.135783	0
194	0	0.1179311	0.1463478	0
195	0	0.1139161	0.1404191	0
196	0	0.1162341	0.1369962	0
197	0	0.1212456	0.1496624	0
198	0	0.127658	0.1675568	0
199	0	0.1209206	0.1665603	0
200	0	0.09386226	0.1682069	0
201	0	0.1153963	0.161036	0
202	0	0.1123778	0.1618448	0
203	0	0.1343162	0.1531646	0
204	0	0.1363885	0.1820282	0
205	0	0.1554168	0.1685242	0
206	0	0.1625297	0.1890327	0
207	0	0.1200537	0.2116213	0
208	0	0.1424256	0.1804106	0
209	0	0.1604283	0.1811903	0
210	0	0.1519649	0.1918635	0
211	0	0.170076	0.1870106	0
212	0	0.1715562	0.2076275	0
213	0	0.154846	0.2177086	0
214	0	0.1562759	0.2019155	0
215	0	0.1378687	0.202645	0
216	0	0.1490256	0.2080609	0
217	0	0.102376	0.1939436	0
218	0	0.1042104	0.1766413	0
219	0	0.1184941	0.1756158	0
220	0	0.1311603	0.1806273	0
221	0	0.1372264	0.1579884	0
222	0	0.1417251	0.1777964	0
223	0	0.1530987	0.1719471	0
224	0	0.1674909	0.1652889	0
225	0	0.1516688	0.1877401	0
226	0	0.1430969	0.2040459	0
227	0	0.1380854	0.1913797	0
228	0	0.1459568	0.1724598	0
229	0	0.1418044	0.193185	0
230	0	0.180157	0.1703004	0
231	0	0.1589983	0.1969834	0
232	0	0.1510476	0.2005147	0
233	0	0.1463322	0.1919719	0
234	0	0.1282211	0.1968247	0
235	0	0.1309726	0.1708713	0
236	0	0.1261197	0.1889824	0
237	0	0.1472784	0.1622994	0
238	0	0.1259321	0.1792264	0
239	0	0.1424256	0.1804105	0
240	0	0.1410247	0.1751823	0
241	0	0.1473577	0.1776881	0
242	0	0.1462529	0.1765832	0
243	0	0.1655482	0.1882238	0
244	0	0.1741993	0.1873067	0
245	0	0.1834135	0.2156575	0
246	0	0.1755421	0.2345774	0
247	0	0.1419631	0.2239623	0
248	0	0.1304811	0.2354443	0
249	0	0.1848144	0.2208857	0
250	0	0.2089626	0.2144152	0
